<path
                    d="M643.574 660.802C626.623 660.403 609.469 662.196 592.772 664.838C578.87 667.039 564.729 669.248 551.543 674.031C551.139 674.372 550.737 674.711 550.333 675.052C554.068 673.874 557.907 672.968 561.799 672.419C572.527 670.904
                583.512 671.857 594.254 672.743C604.864 673.619 615.494 674.664 626.16 674.477C642.123 674.201 659.537 670.487 671.359 659.917C662.244 661.914 652.838 661.02 643.574 660.802Z "
                    fill="#1D1D1B " />
                <path
                    d="M594.654 662.876C603.101 661.532 611.54 660.138 620.071 659.338C628.598 658.539 637.158 658.172 645.725 658.355C653.65 658.523 661.624 658.77 669.448 657.443C663.3 655.418 656.982 653.86 650.537 652.904C634.495 650.52 618.128
                651.065 602.234 654.123C586.647 657.122 571.89 662.6 557.561 668.952C556.681 669.689 555.806 670.434 554.929 671.173C559.783 669.55 564.775 668.272 569.815 667.208C578.032 665.473 586.354 664.197 594.654 662.876Z "
                    fill="#1D1D1B " />
                <path
                    d="M623.646 582.279C606.525 600.017 592.233 619.782 576.995 638.905C569.423 648.409 561.64 657.792 553.157 666.604C551.951 667.856 550.728 669.099 549.495 670.334C552.667 667.664 555.842 664.999 559.004 662.319C579.351 645.095
                599.646 627.588 617.242 607.827C631.613 591.689 644.125 573.972 652.966 554.633C648.734 559.316 643.848 563.41 639.047 567.632C633.711 572.324 628.554 577.193 623.646 582.279Z "
                    fill="#1D1D1B " />
                <path d="M600.323 604.241C607.775 594.586 615.483 585.104 624.018 576.26C631.728 568.271 640.368 561.158 648.543 553.604C643.482 555.333 638.515 557.307 633.626 559.433C626.137 562.689 618.718 566.133 611.479 569.849C599.19 576.158 587.204
                583.618 578.034 593.675C569.763 602.747 563.956 613.429 559.337 624.482C554.608 635.795 551.013 647.479 546.896 658.992C544.85 664.715 542.748 670.463 540.137 675.987C540.122 676.018 540.103 676.047 540.089 676.079C545.25 671.469 550.207 666.661
                554.904 661.577C571.547 643.568 585.443 623.512 600.323 604.241Z " fill="#1D1D1B " />
                <path d="M696.655 272.636C696.864 272.771 697.136 272.83 697.448 272.72C702.434 270.972 707.108 268.865 711.633 266.227C715.932 263.72 720.013 261.088 723.533 257.64C726.834 254.41 729.549 250.615 731.482 246.527C732.468 244.441 733.243
                242.262 733.819 240.045C734.23 238.469 735.099 236.051 734.722 234.224C734.983 233.038 735.239 231.852 735.501 230.67C729.16 227.221 721.716 226.274 714.496 227.507C710.257 228.23 706.095 229.481 702.089 230.957C698.82 232.162 695.635 233.646
                692.724 235.5C692.373 236.572 692.046 237.65 691.663 238.712C686.403 253.305 677.338 266.058 666.43 277.477C661.088 283.071 655.363 288.377 649.397 293.387C644.59 297.422 639.554 301.166 634.538 304.956C631.389 306.862 628.221 308.729 625.094
                310.67C624.519 311.027 625.155 311.875 625.752 311.601C626.512 311.252 627.251 310.88 628.003 310.519C627.702 310.858 627.417 311.211 627.111 311.546C628.472 310.652 629.869 309.804 631.257 308.947C632.855 308.153 634.448 307.348 636.05 306.542C639.461
                304.827 642.952 303.249 646.342 301.501C653.137 297.998 659.696 294.073 666.191 290.107C667.651 289.218 669.096 288.308 670.549 287.41C679.126 282.544 687.697 277.669 696.293 272.828C696.416 272.767 696.535 272.703 696.655 272.636Z
                " fill="#1D1D1B " />
                <path d="M641.013 383.159C645.105 369.298 645.256 354.703 645.411 340.429C645.547 327.844 646.569 314.913 650.181 302.71C644.23 305.656 638.345 308.726 632.631 312.058C625.017 316.495 617.766 321.381 610.772 326.634C610.562 326.793 610.346
                326.844 610.148 326.834C608.617 328.069 607.084 329.3 605.558 330.535C599.474 335.456 593.565 340.57 587.681 345.695C589.896 348.51 592.041 351.373 594.158 354.249C594.616 354.405 595.048 354.697 595.366 355.215C595.934 356.134 596.455 357.087
                596.949 358.057C597.029 358.169 597.112 358.278 597.194 358.39C597.45 358.745 597.586 359.133 597.648 359.525C598.744 361.85 599.711 364.241 600.649 366.579C602.142 370.303 603.474 374.09 604.634 377.918C606.667 384.623 608.447 391.622 608.996
                398.59C609.258 401.904 609.147 405.195 608.229 408.421C607.878 409.656 607.358 410.84 606.759 411.99C610.512 410.52 614.302 409.115 617.971 407.504C622.09 405.695 626.171 403.778 630.112 401.641C635.843 396.914 638.997 389.987 641.013 383.159Z
                " fill="#1D1D1B " />
                <path
                    d="M588.399 195.165C587.595 200.644 585.537 205.826 582.09 210.332C578.951 214.436 574.931 217.882 570.577 220.83C565.61 224.195 560.346 227.149 555.371 230.514C550.749 233.64 546.151 236.823 541.316 239.661C544.402 238.023 547.503
                236.406 550.577 234.751C557.969 230.775 565.12 226.463 572.11 221.894C578.995 217.396 585.993 212.943 592.539 208.015C598.61 203.444 604.098 198.258 607.905 191.839C611.398 185.951 613.337 179.305 614.254 172.657C615.184 165.928 615.152 159.101
                614.557 152.349C613.933 145.281 613.404 137.171 609.057 131.103C604.772 125.121 596.622 122.032 589.704 119.572C582.976 117.179 575.578 115.64 568.686 117.924C570.709 120.515 571.779 123.921 572.822 126.846C574.564 131.736 576.796 136.452
                578.56 141.34C580.785 147.51 582.653 153.786 584.148 160.144C585.531 166.02 586.776 171.969 587.761 177.915C588.701 183.595 589.239 189.446 588.399 195.165Z "
                    fill="#1D1D1B " />
                <path d="M569.373 130.55C568.716 128.739 568.1 126.916 567.373 125.129C566.699 123.471 565.981 121.701 564.854 120.258C563.91 119.049 563.28 118.77 561.527 118.868C560.235 118.941 558.962 119.19 557.703 119.523C557.651 119.77 557.597
                120.019 557.55 120.272C557.385 121.173 557.251 122.079 557.09 122.982C556.751 124.87 556.585 126.767 556.365 128.668C555.923 132.483 555.888 136.31 555.775 140.144C555.565 147.347 555.366 154.619 552.904 161.5C555.002 162.096 556.95 163.161
                558.616 164.881C560.861 167.202 562.205 170.16 563.355 173.057C564.921 177 566.354 181.01 567.451 185.093C568.496 188.982 569.202 192.935 569.432 196.939C569.639 200.573 569.57 204.377 568.117 207.809C565.223 214.642 557.682 217.856 550.356
                218.885C546.153 219.475 541.887 219.565 537.664 219.969C533.187 220.398 528.731 221.004 524.312 221.814C520.233 222.56 516.19 223.47 512.18 224.483C509.11 225.259 506.105 226.308 504.334 228.938C504.302 228.983 504.26 229.005 504.227 229.044C504.34
                229.218 504.457 229.393 504.57 229.567C506.949 233.25 509.146 237.033 510.662 241.106C511.401 243.089 512.14 245.096 512.611 247.154C512.955 248.65 513.053 250.1 513.066 251.584C513.394 252.656 513.664 253.734 513.798 254.822C514.498 254.073
                515.199 253.324 515.936 252.609C519.486 249.173 523.441 246.112 527.627 243.379C532.492 240.202 537.743 237.613 542.604 234.432C547.702 231.092 552.51 227.378 557.592 224.017C562.082 221.045 566.842 218.474 571.051 215.138C574.952 212.047
                578.482 208.442 580.821 204.152C583.401 199.419 584.287 194.078 584.268 188.809C584.247 183.237 583.181 177.708 582.067 172.253C580.861 166.344 579.665 160.44 578.057 154.611C576.399 148.598 574.403 142.673 572.018 136.877C571.147 134.764
                570.152 132.694 569.373 130.55Z " fill="#1D1D1B " />
                <path d="M513.547 258.736C513.587 258.695 513.62 258.648 513.66 258.607C515.13 257.111 516.692 255.708 518.282 254.326C520.566 252.34 523.025 250.543 525.56 248.848C525.328 249.001 525.089 249.14 524.859 249.295C521.039 251.854 517.331
                254.64 513.777 257.542C513.727 257.938 513.648 258.336 513.547 258.736Z " fill="#1D1D1B " />
                <path d="M490.342 205.555C490.48 205.906 490.593 206.267 490.739 206.616C492.515 210.802 494.814 214.732 497.283 218.574C496.238 207.5 498.77 196.21 504.878 186.514C506.539 183.878 508.486 181.418 510.616 179.107C510.926 176.992 511.248
                174.881 511.566 172.766C512.138 168.978 512.251 165.377 511.267 161.634C510.279 157.876 508.505 154.337 507.146 150.693C506.467 148.874 505.785 147.057 505.113 145.236C505.002 144.936 504.891 144.636 504.78 144.335C502.33 146.587 500.077 149.023
                498.144 151.702C492.758 159.168 490.229 168.339 489.1 177.186C488.028 185.579 488.176 194.221 490.109 202.504C490.145 202.607 490.21 202.68 490.228 202.798C490.316 203.29 490.419 203.776 490.522 204.264C490.633 204.777 490.526 205.193 490.342
                205.555Z " fill="#1D1D1B " />
                <path d="M508.922 221.411C512.816 219.804 517.134 218.932 521.278 218.091C525.676 217.199 530.117 216.498 534.584 215.994C539.184 215.475 543.826 215.369 548.423 214.818C554.613 214.077 561.326 211.899 563.803 206.17C562.316 208.25 560.413
                209.963 558.082 211.335C546.448 218.175 531.811 211.341 525.722 201.031C522.128 194.947 521 187.535 521.806 180.681C522.074 178.403 522.562 176.094 523.422 173.932C516.244 178.736 510.285 185.128 506.549 192.637C501.484 202.821 500.183 214.624
                503.044 225.545C504.478 223.677 506.666 222.342 508.922 221.411Z " fill="#1D1D1B " />
                <path
                    d="M545.975 198.587C543.755 201.945 540.583 204.418 537.18 206.651C538.874 207.707 540.761 208.564 542.869 209.146C547.663 210.473 552.902 209.818 556.91 206.943C558.868 205.539 560.597 203.815 561.789 201.786C562.961 199.793 562.955
                197.452 564.105 195.51C564.228 195.3 564.473 195.185 564.735 195.126V195.122C564.331 191.306 563.485 187.541 562.388 183.85C561.339 180.324 560.093 176.829 558.639 173.431C557.553 170.888 556.221 168.117 553.75 166.492C551.093 164.746 547.682
                164.924 544.631 165.414C541.385 165.938 538.189 166.784 535.126 167.913C534.623 168.097 534.137 168.319 533.643 168.521C534.006 169.125 534.225 169.809 534.636 170.449C535.166 171.28 535.884 172.015 536.634 172.68C538.191 174.062 540.043 175.128
                541.764 176.316C545.458 178.866 548.542 182.125 549.045 186.565C549.528 190.816 548.364 194.975 545.975 198.587Z "
                    fill="#1D1D1B " />
                <path
                    d="M529.642 170.34C529.495 170.412 529.346 170.477 529.202 170.551C526.582 174.254 525.988 179.428 525.952 183.591C525.885 191.664 528.785 200.181 535.252 205.308C540.681 200.271 546.951 193.319 544.316 185.704C543.01 181.925 539.375
                180.032 536.152 177.813C534.504 176.678 532.864 175.4 531.629 173.862C530.821 172.858 529.922 171.612 529.642 170.34Z "
                    fill="#1D1D1B " />
                <path d="M536.25 126.665C531.244 128.5 526.325 130.564 521.599 132.967C516.822 135.397 512.203 138.235 508.036 141.544C508.04 141.554 508.044 141.563 508.048 141.573C508.465 142.547 508.798 143.557 509.154 144.55C509.809 146.379 510.465
                148.208 511.118 150.038C512.425 153.696 513.811 157.528 514.276 161.371C514.722 165.05 513.995 168.784 513.409 172.412C513.16 173.962 512.896 175.509 512.632 177.055C519.683 170.175 528.666 165.032 538.455 162.382C542.629 161.253 547.288 160.403
                551.484 161.173C553.342 154.029 553.999 146.661 554.202 139.327C554.309 135.495 554.303 131.654 554.456 127.826C554.529 126.003 554.646 124.16 554.837 122.346C554.9 121.748 554.958 121.05 555.042 120.342C553.407 120.909 551.796 121.544 550.213
                122.085C545.579 123.667 540.851 124.98 536.25 126.665Z " fill="#1D1D1B " />
                <path d="M493.476 132.131C490.526 131.741 487.513 131.634 484.558 132.039C483.052 132.247 481.679 132.588 480.724 133.77C479.907 134.781 479.426 135.998 478.933 137.169C470.662 156.804 473.116 179.003 482.016 198.034C482.918 199.967
                483.902 201.864 484.926 203.742C484.453 202.225 484.036 200.694 483.762 199.132C483.469 197.46 483.069 195.563 483.737 193.96C483.639 191.99 483.559 190.022 483.549 188.05C483.54 186.227 483.505 184.399 483.727 182.586C483.827 181.759 483.974
                180.759 484.248 179.814C484.57 176.284 485.088 172.772 485.877 169.326C488.088 159.681 492.178 150.838 499.304 143.482C502.024 140.673 505.054 138.154 508.283 135.867C506.201 135.252 504.105 134.672 502.034 134.04C499.241 133.194 496.387 132.514
                493.476 132.131Z " fill="#1D1D1B " />
                <path
                    d="M447.578 154.125C441.045 163.8 440.555 175.438 443.685 186.267C447.033 197.845 454.247 207.896 462.315 217.047C471.037 226.939 480.73 236.041 488.924 246.345C493.122 251.625 497.044 257.088 500.989 262.537C502.02 263.958 503.075
                265.363 504.118 266.778C505.402 263.922 507.6 261.535 508.861 258.679C509.202 257.905 509.449 257.129 509.594 256.337C508.635 253.23 508.09 250.03 506.949 246.964C505.833 243.967 504.355 241.133 502.73 238.354C499.4 232.658 495.417 227.329
                491.506 221.978C484.526 212.429 478.418 202.5 474.465 191.488C470.687 180.961 468.794 169.887 469.452 158.774C469.77 153.392 470.687 148.039 472.281 142.859C473.06 140.323 473.989 137.822 475.07 135.383C475.355 134.739 475.667 134.098 476.004
                133.469C471.213 135.57 466.436 137.673 462.029 140.491C456.341 144.121 451.267 148.66 447.578 154.125Z "
                    fill="#1D1D1B " />
                <path d="M431.259 141.357C426.575 142.753 422.245 145.412 420.306 149.795C418.157 154.652 418.145 160.408 418.113 165.589C417.979 187.584 425.871 209.236 438.056 227.858C450.31 246.586 467.274 262.262 485.908 275.441C495.329 282.103
                505.213 288.179 515.344 293.849C520.323 296.636 525.395 299.267 530.479 301.871C524.861 297.605 519.442 293.055 514.753 287.932C511.723 284.621 508.972 281.07 506.543 277.352C505.925 276.405 505.366 275.447 504.851 274.477C504.26 273.698 503.678
                272.918 503.09 272.152C500.671 269 498.336 265.794 495.993 262.595C491.315 256.205 486.683 249.781 481.517 243.724C464.922 224.265 442.399 206.878 438.228 180.843C436.329 168.991 439.216 157.127 447.406 147.784C451.156 143.505 455.694 139.964
                460.644 136.973C451.274 140.269 440.797 138.515 431.259 141.357Z " fill="#1D1D1B " />
                <path
                    d="M541.203 304.604C544.582 307.076 548.509 309.578 551.222 312.787C555.105 315.01 558.884 317.389 562.444 320.047C567.124 323.542 571.457 327.44 575.479 331.583C579.399 335.619 583.051 339.88 586.548 344.253C591.545 337.35 598.342
                331.84 604.948 326.309C610.987 321.252 617.087 316.207 622.517 310.564C628.133 304.726 632.641 298.197 635.81 290.915C639.332 282.817 641.679 274.318 644.937 266.129C645.93 263.634 646.985 261.163 648.072 258.703C645.838 261.527 643.409 264.216
                640.751 266.709C634.411 272.656 626.789 277.293 618.831 281.119C603.009 288.726 585.42 293.009 567.665 293.787C558.853 294.173 550.029 293.655 541.345 292.199C533.365 290.862 524.231 289.044 518.399 283.373C517.501 282.501 518.558 281.358
                519.599 281.527C519.664 281.498 519.697 281.439 519.781 281.431C522.365 281.166 524.911 280.743 527.504 280.555C530.104 280.367 532.705 280.143 535.3 279.881C540.499 279.355 545.705 278.818 550.887 278.156C561.261 276.825 571.555 274.934 581.692
                272.484C587.26 271.139 592.784 269.585 598.101 267.558C598.145 267.519 598.168 267.478 598.22 267.44C600.442 265.861 603.013 264.877 605.474 263.673C607.616 262.625 609.536 261.355 611.249 259.753C614.518 256.698 616.737 252.733 618.438 248.754C625.298
                232.717 626.309 214.805 624.713 197.764C623.692 186.833 621.639 176.055 619.445 165.299C619.328 168.509 619.06 171.716 618.53 174.895C617.343 182.008 615.029 188.931 611.13 195.163C607.021 201.733 601.114 207.127 594.778 211.82C587.857 216.943
                580.469 221.559 573.153 226.167C565.795 230.8 558.281 235.138 550.462 239.058C543.385 242.607 536.234 246.049 529.378 249.971C526.042 251.88 522.807 253.958 519.701 256.18C518.106 257.321 516.579 258.554 515.113 259.836C513.834 260.953 512.559
                262.021 511.374 263.209C510.262 264.949 509.053 266.645 508.264 268.536C507.902 269.404 507.163 269.785 506.39 269.847C506.643 270.184 506.886 270.529 507.142 270.867C509.202 273.595 511.575 276.168 513.187 279.155C513.484 279.706 513.298
                280.312 512.906 280.747C517.869 286.362 523.716 291.366 529.661 296.004C533.432 298.953 537.327 301.77 541.203 304.604Z "
                    fill="#1D1D1B " />
                <path
                    d="M620.798 254.179C622.898 252.473 624.946 250.713 626.952 248.926C632.756 243.751 638.289 238.254 642.699 231.962C647.146 225.616 650.045 218.538 651.485 211.074C652.955 203.462 653.169 195.686 653.01 187.968C652.838 179.661
                652.302 171.337 650.803 163.139C650.139 159.511 649.24 155.924 648.135 152.392C647.586 151.477 647.107 150.516 646.757 149.47C646.638 149.111 646.682 148.744 646.82 148.405C645.716 145.385 644.403 142.351 642.695 139.654C641.631 137.974 640.157
                137.835 638.201 137.86C636.057 137.888 633.908 138.084 631.783 138.339C627.249 138.886 622.756 139.838 618.431 141.226C618.228 141.29 618.021 141.314 617.814 141.341C618.329 144.025 618.649 146.755 618.884 149.444C621.235 157.394 623.409 165.383
                625.26 173.458C629.456 191.778 631.521 210.886 628.508 229.518C627.147 237.93 624.898 246.537 620.798 254.179Z "
                    fill="#1D1D1B " />
                <path d="M644.835 236.601C639.862 243.118 633.787 248.871 627.515 254.29C620.833 260.065 613.599 265.457 605.38 269.192C596.775 273.104 587.43 275.429 578.137 277.403C568.555 279.437 558.855 280.984 549.095 282.03C544.285 282.546 539.469
                282.885 534.63 283.034C532.115 283.11 529.6 283.159 527.085 283.173C525.504 283.181 523.929 283.053 522.357 282.912C523.33 283.402 524.319 283.867 525.322 284.261C532.919 287.234 541.351 288.453 549.51 289.165C558.001 289.904 566.557 289.87
                575.033 288.984C592.081 287.205 608.736 282.119 623.449 273.832C630.478 269.872 636.869 264.965 642.079 259.012C646.86 253.551 650.74 247.428 653.699 240.941C660.435 226.178 662.341 209.961 661.658 194.028C661.315 186.029 660.575 177.821 658.27
                170.083C657.537 167.621 656.563 165.208 655.361 162.903C655.462 163.464 655.569 164.023 655.659 164.583C657.051 173.191 657.501 181.943 657.587 190.641C657.667 198.785 657.183 206.935 655.273 214.898C653.389 222.75 649.829 230.059 644.835
                236.601Z " fill="#1D1D1B " />
                <path
                    d="M735.83 183.385C734.728 182.933 734.092 182.309 732.762 182.304C731.252 182.298 729.715 182.739 728.264 183.082C724.627 183.942 721.232 185.177 717.959 186.898C714.634 188.646 711.615 190.83 708.564 192.958C705.67 194.975 702.732
                197.09 700.38 199.669C699.781 204.479 699.042 209.275 698.127 214.042C696.864 220.614 695.353 227.174 693.357 233.595C699.666 229.589 707.395 227.287 714.714 225.78C721.852 224.31 729.713 223.807 736.343 226.907C737.17 223.193 737.999 219.479
                738.826 215.765C739.821 211.298 740.836 206.804 741.054 202.233C741.372 195.498 739.257 189.158 735.83 183.385Z "
                    fill="#1D1D1B " />
                <path
                    d="M700.688 197.056C702.728 194.748 705.094 192.758 707.623 190.877C710.988 188.372 714.376 185.812 718.043 183.703C721.712 181.592 725.883 180.416 730.025 179.414C730.798 179.228 731.853 179.066 732.944 179.019C727.757 172.012
                721.314 165.93 715.183 159.66C709.889 154.246 704.878 148.599 700.144 142.753C702.164 157.998 702.625 173.436 701.486 188.758C701.276 191.527 701 194.293 700.688 197.056Z "
                    fill="#1D1D1B " />
                <path
                    d="M692.515 125.552C691.726 126.706 690.871 127.833 690.067 128.956C688.928 130.546 687.791 132.134 686.652 133.723C682.776 139.133 678.829 144.523 675.223 150.097C673.456 152.827 671.774 155.516 670.48 158.48C669.27 161.251 668.237
                164.099 667.372 166.98C666.164 171.004 665.379 175.113 664.824 179.26C665.942 186.631 666.39 194.148 666.325 201.569C666.248 210.787 665.103 220 662.688 228.901C662.684 228.975 662.678 229.054 662.674 229.126C662.558 231.249 662.318 233.37
                661.895 235.457C661.423 237.782 660.866 240.237 659.966 242.54C660.052 242.754 660.087 242.989 660.046 243.238C659.635 245.78 658.14 248.009 656.98 250.316C655.807 252.65 654.677 255.004 653.592 257.376C651.454 262.042 649.498 266.778 647.693
                271.566C644.583 279.818 642.163 288.346 638.096 296.254C637.282 297.836 636.377 299.361 635.428 300.86C636.151 300.219 636.882 299.586 637.592 298.936C643.122 293.861 648.92 289.049 654.385 283.91C659.677 278.936 664.734 273.736 669.332 268.185C673.96
                262.601 678.142 256.613 681.561 250.308C685.362 243.299 688.103 235.831 690.205 228.232C698.816 197.104 699.735 163.825 693.862 132.2C693.459 129.985 693.009 127.765 692.515 125.552Z "
                    fill="#1D1D1B " />
                <path d="M625.641 82.7967C622.764 91.6108 620.391 100.688 619.039 109.821C617.705 118.823 617.33 127.959 617.665 137.04C619.543 136.46 621.436 135.919 623.359 135.481C628.116 134.398 632.976 133.81 637.868 133.645C639.872 133.578 641.893
                133.686 643.679 134.625C645.595 135.63 646.642 137.467 647.582 139.249C649.59 143.057 651.194 147.038 652.488 151.107C653.075 151.975 653.745 152.796 654.4 153.598C657.064 156.853 659.306 160.268 660.906 164.097C662.123 167.014 663.038 170.032
                663.733 173.094C664.03 171.267 664.355 169.44 664.744 167.622C665.329 164.883 666.032 162.165 666.956 159.509C667.9 156.789 669.146 154.192 670.227 151.522C672.473 145.973 676.102 140.901 679.591 135.983C680.778 134.309 681.97 132.638 683.161
                130.966C683.266 130.903 683.369 130.828 683.459 130.723C684.447 129.564 685.557 128.531 686.585 127.406C687.598 126.297 688.503 125.084 689.447 123.921C690.293 122.881 691.225 121.842 691.701 120.593C692.193 119.3 692.203 117.824 691.82 116.505C691.412
                115.103 690.702 113.735 689.334 112.959C689.194 112.879 689.043 112.808 688.886 112.753C685.946 104.437 681.756 96.597 675.248 90.0428C665.306 80.0311 651.678 73.8179 637.642 70.578C635.288 70.0351 632.914 69.5902 630.526 69.1962C629.777 71.2601
                628.904 73.2946 628.177 75.3624C627.308 77.832 626.454 80.3075 625.641 82.7967Z " fill="#1D1D1B " />
                <path d="M541.349 112.24C542.107 114.823 542.656 117.569 541.996 120.176C544.277 119.446 546.779 118.747 548.592 118.112C550.722 117.367 552.829 116.579 554.99 115.918C557.953 115.013 561.632 114.06 564.693 114.989C564.737 114.964 564.758
                114.927 564.804 114.903C566.605 113.972 568.527 113.314 570.542 112.92C578.897 111.287 587.604 113.955 595.194 117.061C602.655 120.113 610.11 123.758 614.116 130.728C614.744 131.822 615.276 132.961 615.747 134.123C615.521 130.048 615.41 125.971
                615.538 121.891C615.837 112.402 616.857 102.81 618.827 93.4941C619.822 88.7901 621.147 84.1253 622.705 79.5585C623.937 75.9462 625.285 72.1752 627.023 68.6825C613.858 66.8832 600.331 67.0341 587.132 67.7848C570.628 68.7217 553.957 70.9267
                538.292 76.0403C538.055 76.1167 537.825 76.2089 537.588 76.2873C538.093 77.9493 537.72 80.0583 537.708 81.7223C537.693 83.8372 537.697 85.954 537.735 88.0688C537.808 92.2436 538.034 96.4263 538.635 100.566C539.211 104.535 540.216 108.378 541.349
                112.24Z " fill="#1D1D1B " />
                <path
                    d="M499.559 106.977C501.986 109.394 504.306 111.899 506.438 114.551C508.563 117.195 510.498 119.968 512.167 122.886C512.992 124.329 513.788 125.768 514.454 127.283C514.804 128.075 515.116 128.876 515.421 129.682C515.56 130.048
                515.704 130.411 515.844 130.777C515.865 130.834 515.878 130.864 515.897 130.911C515.955 130.94 516.012 130.987 516.07 131.026C519.494 129.115 523.031 127.387 526.624 125.844C530.938 123.994 535.367 122.393 539.837 120.911C540.834 117.755 539.414
                114.453 538.361 111.454C537.027 107.653 536.183 103.72 535.587 99.7624C534.99 95.8012 534.682 91.8087 534.5 87.8123C534.408 85.7817 534.362 83.7511 534.332 81.7186C534.313 80.4681 534.087 78.8747 534.225 77.4674C528.075 79.6998 522.107 82.3733
                516.481 85.5994C509.558 89.5684 503.264 94.4292 497.503 99.7702C496.55 100.654 495.633 101.57 494.71 102.479C495.024 102.738 495.329 103.01 495.633 103.283C496.977 104.482 498.286 105.709 499.559 106.977Z "
                    fill="#1D1D1B " />
                <path
                    d="M474.387 125.969C473.114 127.608 471.849 129.252 470.587 130.899C470.291 131.283 469.657 131.881 469.454 132.316C469.481 132.329 469.502 132.351 469.527 132.367C473.388 130.708 477.432 129.391 481.54 128.613C483.672 127.959
                486.082 127.896 488.25 127.878C491.014 127.857 493.765 128.168 496.469 128.697C499.3 129.252 502.066 130.06 504.773 131.008C506.997 131.788 509.003 132.921 511.049 134.013C511.761 133.554 512.496 133.125 513.221 132.686C513.013 132.225 512.906
                131.716 512.775 131.238C512.519 130.303 512.182 129.389 511.822 128.484C510.538 125.26 508.89 122.222 506.911 119.323C504.84 116.291 502.464 113.457 499.997 110.699C498.803 109.366 497.574 108.065 496.33 106.771C495.713 106.128 495.105 105.473
                494.49 104.827C494.186 104.507 493.847 104.064 493.466 103.678C489.265 107.912 485.339 112.38 481.568 116.955C479.126 119.925 476.743 122.937 474.387 125.969Z "
                    fill="#1D1D1B " />
                <path
                    d="M459.191 119.995C461.279 121.934 463.507 123.819 465.228 126.068C465.804 126.818 466.317 127.628 466.784 128.455C467.255 127.884 467.739 127.326 468.149 126.791C469.416 125.144 470.687 123.502 471.967 121.867C474.482 118.655
                477.034 115.47 479.668 112.342C479.991 111.957 480.328 111.583 480.655 111.201C470.444 110.303 460.136 111.13 450.208 113.445C453.615 114.992 456.458 117.457 459.191 119.995Z "
                    fill="#1D1D1B " />
                <path d="M365.656 183.578C369.913 187.572 373.44 192.176 376.74 196.878C380.12 201.696 382.482 207.127 384.973 212.372C387.099 216.845 389.415 221.164 392.003 225.388C390.83 221.658 389.712 217.915 388.726 214.136C386.569 205.865 385.022
                197.47 383.614 189.064C382.364 181.598 381.152 173.915 382.26 166.365C383.351 158.929 387.038 152.327 391.53 146.204C391.877 145.732 392.256 145.279 392.614 144.813C390.439 146.263 388.265 147.713 386.09 149.166C374.372 156.982 361.491 163.719
                350.86 172.88C356.173 175.979 361.221 179.416 365.656 183.578Z " fill="#1D1D1B " />
                <path d="M351.819 206.216C358.587 206.984 365.495 207.364 371.18 211.251C376.457 214.857 381.181 219.444 385.625 223.905C385.947 224.228 386.253 224.563 386.571 224.891C381.353 215.767 378.124 205.847 373.379 196.512C372.045 193.889
                370.569 191.322 368.645 189.034C366.877 186.935 364.932 184.969 362.865 183.127C358.922 179.611 354.564 176.492 350.115 173.554C349.26 174.309 348.387 175.044 347.566 175.834C339.22 183.852 332.871 193.646 328.861 204.187C332.278 204.275 335.716
                204.648 339.102 204.936C343.345 205.295 347.585 205.736 351.819 206.216Z " fill="#1D1D1B " />
                <path d="M333.095 239.618C336.788 239.567 340.484 239.559 344.178 239.639C357.063 239.924 369.859 241.384 381.868 245.974C387.689 248.199 392.883 251.347 397.1 255.735C399.439 258.169 401.349 260.845 403.124 263.606C403.062 263.075 402.992
                262.542 402.944 262.011C402.471 260.129 401.96 258.259 401.466 256.384C400.863 255.165 400.155 253.996 399.652 252.717C399.064 251.219 398.465 249.729 397.785 248.267C396.357 245.194 394.665 242.238 392.765 239.398C389.375 234.326 385.277
                229.628 381.07 225.133C378.939 222.858 376.746 220.629 374.518 218.434C372.326 216.274 370.242 213.765 367.698 211.962C365.078 210.104 361.908 209.581 358.732 209.167C355.084 208.691 351.426 208.274 347.765 207.885C344.264 207.515 340.759
                207.184 337.253 206.87C334.232 206.6 331.174 206.455 328.157 206.106C328.023 206.488 327.866 206.862 327.738 207.246C324.216 217.834 323.368 228.959 324.882 239.784C325.766 239.724 326.666 239.745 327.562 239.726C329.405 239.681 331.25 239.643
                333.095 239.618Z " fill="#1D1D1B " />
                <path
                    d="M420.192 321.287C434.639 326.424 449.086 331.762 462.477 339.049C474.337 345.503 485.188 353.567 494.726 362.79C501.331 369.176 507.282 376.154 512.527 383.566C509.28 376.877 505.064 370.815 500.552 364.819C496.186 359.015 491.818
                353.21 487.303 347.506C478.2 336.007 468.436 324.976 457.135 315.299C445.358 305.215 432.633 296.088 420.404 286.493C414.905 282.179 408.102 278.014 405.185 271.631C404.63 270.416 404.234 269.153 403.91 267.875C402.664 266.309 401.397 264.757
                400.142 263.199C398.17 260.751 395.913 258.412 393.5 256.337C388.85 252.333 383.227 250.018 377.247 248.291C371.43 246.611 365.323 245.576 359.286 244.898C353.143 244.208 346.961 243.914 340.773 243.85C337.75 243.818 334.728 243.84 331.704
                243.885C330.027 243.91 328.352 243.946 326.674 243.983C326.308 243.991 325.95 244.004 325.596 244.014C328.373 257.94 335.103 271.178 345.368 281.868C364.957 302.269 393.536 311.809 420.192 321.287Z "
                    fill="#1D1D1B " />
                <path
                    d="M401.504 319.155C400.503 318.784 399.502 318.4 398.499 318.02C400.965 323.798 402.806 329.894 404.598 335.831C406.653 342.638 408.192 349.549 409.991 356.414C411.509 362.212 413.192 367.996 415.785 373.464C418.467 379.119 422.123
                384.048 426.757 388.455C431.481 392.947 436.517 397.277 441.75 401.246C445.861 404.362 450.244 407.086 454.945 409.307C454.325 408.733 453.686 408.176 453.087 407.58C450.754 405.258 448.616 402.78 446.667 400.169C439.122 390.062 435.052 378.484
                432.641 366.446C430.114 353.81 428.91 340.846 424.468 328.614C424.309 328.177 424.366 327.769 424.544 327.43C416.874 324.653 409.151 321.985 401.504 319.155Z "
                    fill="#1D1D1B " />
                <path
                    d="M460.626 457.948C471.399 451.992 481.852 445.451 493.179 440.42C499.829 437.464 507.035 434.711 514.425 433.264C507.418 433.203 500.418 433.446 493.434 434.258C482.353 435.544 471.548 438.074 461 441.475C450.382 444.899 440.046
                448.975 429.574 452.758C408.862 460.238 387.317 466.38 365.202 468.799C373.599 473.436 383.148 476 392.897 476.696C417.125 478.426 440.178 469.252 460.626 457.948Z "
                    fill="#1D1D1B " />
                <path d="M400.833 457.458C411.705 454.532 422.462 451.184 433.205 447.868C444.02 444.528 454.771 440.914 465.67 437.821C483.132 432.866 501.861 429.869 520.196 431.267C516.975 429.754 513.723 428.303 510.369 427.061C503.159 424.389 495.792
                423.035 488.137 422.053C486.476 421.839 484.818 421.612 483.163 421.369C474.848 421.436 466.547 422.841 458.5 424.779C446.746 427.61 435.215 431.312 423.985 435.61C404.293 443.148 385.539 452.756 368.106 464.164C379.179 462.727 390.087 460.349
                400.833 457.458Z " fill="#1D1D1B " />
                <path d="M459.024 409.672C459.817 410.391 460.527 411.157 461.262 411.91C466.093 413.647 471.096 414.977 476.161 415.948C478.944 416.481 481.748 416.883 484.556 417.263C489.674 417.386 494.781 418 499.842 419.303C505.711 420.816 511.493
                422.866 517.103 425.071C520.518 426.414 523.76 427.937 526.848 429.721C527.766 430.171 528.685 430.618 529.6 431.077C529.602 431.063 529.598 431.047 529.602 431.036C529.675 430.724 529.872 430.514 530.125 430.379C529.326 427.974 528.528 425.565
                527.728 423.156C527.472 422.459 527.242 421.749 526.959 421.061C524.486 415.036 522.166 409.013 519.188 403.178C516.184 397.286 512.768 391.573 508.926 386.122C501.375 375.411 492.22 365.595 481.834 357.214C470.798 348.31 458.425 341.183 445.212
                335.478C439.457 332.993 433.59 330.76 427.693 328.594C429.888 334.978 431.383 341.532 432.602 348.137C434.895 360.578 436.381 373.394 441.426 385.201C443.67 390.456 446.585 395.47 450.139 400.052C451.85 402.259 453.692 404.388 455.648 406.408C456.733
                407.529 457.859 408.617 459.024 409.672Z " fill="#1D1D1B " />
                <path
                    d="M441.438 504.361C439.801 507.183 438.423 510.157 437.508 513.257C436.574 516.431 436.199 519.727 435.962 523.003C435.703 526.566 435.542 530.149 435.556 533.72C435.563 535.488 435.634 537.252 435.793 539.014C435.891 538.737
                435.988 538.459 436.086 538.183C437.1 535.317 438.283 532.505 439.6 529.751C442.215 524.286 445.251 519.012 448.627 513.926C454.842 504.565 461.913 495.566 469.651 487.258C477.438 478.897 486.262 471.092 496.121 464.896C506.036 458.667 516.724
                453.323 527.766 449.067C532.182 447.366 536.652 445.792 541.142 444.267C513.859 448.711 487.314 458.65 466.296 475.825C456.4 483.914 447.72 493.524 441.438 504.361Z "
                    fill="#1D1D1B " />
                <path
                    d="M491.602 506.307C498.879 497.775 505.917 488.981 512.488 479.961C515.645 475.626 518.514 471.108 521.731 466.807C524.974 462.472 528.701 458.552 533.08 455.191C536.623 452.47 540.426 450.049 544.272 447.711C538.118 449.787 532.05
                452.037 525.983 454.326C520.556 456.372 515.245 458.613 509.992 461.029C504.773 463.43 499.838 466.274 494.965 469.238C484.864 475.379 476.213 483.123 468.417 491.682C460.982 499.847 454.063 508.565 448.108 517.736C445.155 522.283 442.464
                526.979 440.278 531.895C439.193 534.331 438.218 536.811 437.374 539.329C436.965 540.547 436.641 541.781 436.314 543.016C436.314 543.02 436.316 543.022 436.316 543.026C436.323 543.063 436.331 543.098 436.337 543.136C437.298 542.857 438.398
                542.211 439.095 541.928C440.529 541.344 441.964 540.758 443.394 540.164C446.254 538.977 449.102 537.758 451.917 536.476C457.573 533.9 463.134 531.08 468.3 527.709C477.304 521.834 484.782 514.304 491.602 506.307Z "
                    fill="#1D1D1B " />
                <path
                    d="M362.574 602.661C366.431 609.002 370.757 614.829 375.768 620.417C380.411 625.595 385.003 630.82 389.794 635.879C399.173 645.783 409.222 655.409 420.909 662.941C427.034 666.888 433.538 670.281 439.96 673.78C446.28 677.223 452.398
                680.973 458.699 684.442C464.943 687.88 471.452 690.955 478.471 692.743C480.946 693.372 483.431 693.785 485.927 694.001C486.696 693.936 487.466 693.878 488.237 693.819C484.702 692.28 481.48 689.844 478.801 687.333C472.622 681.537 467.393 674.742
                462.546 667.951C445.547 644.131 433.468 616.963 411.913 596.179C406.973 591.415 401.587 587.063 395.674 583.386C389.457 579.521 382.727 576.615 375.737 574.206C368.795 571.815 361.697 569.857 354.705 567.603C349.311 565.864 343.772 563.965
                338.759 561.301C339.41 562.985 340.036 564.678 340.627 566.384C348.127 578.373 355.228 590.59 362.574 602.661Z "
                    fill="#1D1D1B " />
                <path d="M453.68 686.582C447.178 682.896 440.753 679.109 434.17 675.548C427.628 672.01 421.087 668.452 415.012 664.23C403.246 656.053 393.446 645.965 384.163 635.426C379.395 630.015 374.646 624.558 370.167 618.935C365.436 612.996 361.699
                606.593 357.976 600.074C353.044 591.436 348.033 582.826 343.165 574.151C344.082 577.11 344.98 580.074 345.876 583.032C348.46 591.556 350.929 600.111 353.637 608.602C358.151 622.755 363.435 636.806 370.875 649.87C377.996 662.374 387.137 674.707
                400.061 682.47C406.052 686.069 412.606 688.736 419.323 690.902C426.257 693.139 433.45 695.087 440.663 696.343C448.853 697.77 456.823 696.97 465.025 696.108C467.45 695.853 469.875 695.59 472.3 695.332C465.71 693.044 459.398 689.824 453.68 686.582Z
                " fill="#1D1D1B " />
                <path d="M452.515 704.988C439.3 707.815 424.885 711.004 415.068 720.388C410.478 724.779 407.201 730.288 404.555 735.862C401.633 742.013 399.232 748.397 397.236 754.859C393.312 767.563 392.108 780.952 386.142 793.065C383.78 797.861 380.882
                802.402 377.552 806.646C377.586 806.612 377.624 806.583 377.657 806.55C382.591 801.726 386.822 796.289 390.634 790.656C404.508 770.151 412.497 746.354 428.985 727.368C437.64 717.403 448.369 709.681 461.097 704.802C464.183 703.618 467.341 702.584
                470.534 701.656C464.495 702.609 458.483 703.712 452.515 704.988Z " fill="#1D1D1B " />
                <path d="M458.653 760.235C462.24 754.4 465.632 748.457 468.803 742.413C471.849 736.601 474.605 730.639 478.083 725.035C481.373 719.737 485.569 715.218 489.979 710.721C493.382 707.252 496.835 703.681 499.316 699.561C492.852 701.058 486.254
                702.129 479.8 703.652C471.983 705.496 464.309 707.789 457.089 711.19C445.335 716.725 435.933 725.215 428.378 735.206C420.942 745.041 415.215 755.88 409.57 766.671C403.908 777.498 398.153 788.357 390.73 798.243C387.078 803.108 383.011 807.729
                378.444 811.867C376.198 813.902 373.823 815.813 371.317 817.563C370.362 818.229 369.388 818.882 368.397 819.509C380.524 819.297 392.522 817.337 403.794 812.945C415.433 808.412 425.949 801.605 434.522 792.947C444.119 783.257 451.64 771.64 458.653
                760.235Z " fill="#1D1D1B " />
                <path
                    d="M501.68 694.746C501.673 694.748 501.664 694.752 501.657 694.754C501.666 694.779 501.66 694.802 501.666 694.827C501.671 694.8 501.675 694.773 501.68 694.746Z "
                    fill="#1D1D1B " />
                <path
                    d="M526.972 690.059C527.001 690.032 527.031 690.002 527.06 689.973C527.035 689.967 527.016 689.946 526.991 689.938C526.984 689.977 526.978 690.018 526.972 690.059Z "
                    fill="#1D1D1B " />
                <path
                    d="M571.706 525.757C570.634 532.017 569.338 538.263 567.688 544.416C568.682 542.975 569.545 541.442 570.311 539.868C572.28 535.813 574.014 531.646 575.601 527.446C581.301 512.366 584.731 496.576 585.78 480.61C586.728 466.167 586.544
                447.566 572.077 438.744C569.87 439.515 567.589 440.144 565.254 440.657C565.074 440.867 564.852 441.061 564.557 441.216C561.491 442.815 558.455 444.46 555.452 446.157C554.428 446.735 553.409 447.325 552.389 447.913C557.163 453.444 561.144 459.669
                564.398 466.078C570.514 478.129 573.762 491.776 573.712 505.116C573.683 512.04 572.874 518.926 571.706 525.757Z "
                    fill="#1D1D1B " />
                <path
                    d="M387.476 163.366C386.519 166.884 386.301 170.583 386.397 174.201C386.601 181.816 388.219 189.46 389.612 196.945C391.117 205.036 393.017 213.023 395.324 220.945C397.63 228.857 400.249 236.686 402.475 244.618C404.345 251.28 405.989
                258.061 406.418 264.947C407.132 267.658 408.179 270.247 410.058 272.522C412.537 275.527 415.736 277.81 418.877 280.168C422.552 282.928 426.229 285.688 429.896 288.459C442.133 297.708 454.662 306.862 465.863 317.222C476.766 327.306 486.156
                338.7 495.103 350.317C499.63 356.195 504.183 362.079 508.473 368.112C512.902 374.338 516.433 380.885 519.4 387.827C522.373 394.787 525.104 401.845 527.671 408.946C528.159 410.297 528.643 411.653 529.127 413.009C529.062 413.119 529.005 413.241
                529.032 413.405C529.656 417.151 530.025 420.908 530.724 424.652C531.361 428.054 531.742 431.688 532.938 434.967C534.031 437.966 536.334 439.665 539.697 440C543.179 440.349 546.856 440.004 550.328 439.687C564.735 438.368 579.73 433.703 591.473
                425.641C594.595 423.497 597.125 420.808 598.739 417.498C599.259 416.435 599.688 415.295 599.99 414.126C600.423 413.603 600.846 413.072 601.231 412.519C604.82 407.384 604.954 401.559 604.052 395.659C603.032 389.001 601.378 382.406 599.276 375.979C598.231
                372.786 597.045 369.634 595.743 366.528C594.719 364.084 593.54 361.7 592.432 359.29C591.168 357.61 589.905 355.928 588.64 354.25C581.655 344.986 574.294 335.866 565.437 328.081C556.229 319.986 545.242 314.261 534.196 308.682C513.076 298.018
                492.406 286.399 473.931 271.979C455.497 257.593 439.403 240.535 428.397 220.465C417.523 200.635 411.685 178.023 414.712 155.72C415.412 150.571 417.156 145.614 421.482 142.139C425.457 138.946 430.669 137.418 435.755 136.637C441.107 135.816
                446.548 135.895 451.935 135.401C456.27 135.005 460.791 134.366 464.64 132.445C464.485 131.971 464.372 131.463 464.185 130.987C463.685 129.711 463.086 128.537 462.361 127.359C461.065 125.25 459.243 123.402 457.478 121.628C454.565 118.698 451.414
                115.671 447.421 114.107C443.941 115.027 440.513 116.126 437.162 117.414C424.862 122.141 413.638 129.178 404.4 138.139C399.694 142.704 395.55 147.8 392.11 153.266C390.114 156.435 388.45 159.783 387.476 163.366Z "
                    fill="#1D1D1B " />
                <path
                    d="M670.57 398.535C655.491 405.779 639.522 411.334 623.229 415.775C627.704 415.071 632.195 414.452 636.66 413.815C651.716 411.669 666.899 409.738 681.547 405.712C694.984 402.018 707.686 396.324 718.6 388.053C735.346 375.362 747.462
                358.237 756.587 340.058C747.483 346.983 738.378 353.906 729.275 360.83C710.815 374.866 691.797 388.335 670.57 398.535Z "
                    fill="#1D1D1B " />
                <path
                    d="M686.96 362.371C681.993 365.679 677.271 369.317 672.911 373.308C668.499 377.347 664.619 381.812 660.736 386.293C656.917 390.703 653.045 395.117 648.598 398.993C643.928 403.062 638.557 406.332 632.976 409.199C628.652 411.422
                624.202 413.452 619.658 415.281C626.916 413.337 634.13 411.249 641.227 408.813C652.419 404.969 663.394 400.461 673.65 394.748C683.875 389.05 693.468 382.441 702.786 375.532C712.125 368.61 721.274 361.442 730.521 354.409C739.561 347.534 748.601
                340.66 757.641 333.786C745.066 337.34 732.529 341.042 720.374 345.725C708.689 350.225 697.279 355.495 686.96 362.371Z "
                    fill="#1D1D1B " />
                <path
                    d="M657.836 376.195C663.04 367.72 666.351 358.202 667.99 348.568C671.28 329.241 668.195 308.23 676.622 290.06C669.825 293.343 662.971 296.526 656.17 299.796C656.067 299.845 655.964 299.896 655.862 299.947C653.2 307.526 651.76 315.386
                650.949 323.318C649.458 337.9 649.301 352.59 647.228 367.126C646.204 374.307 644.581 381.469 641.924 388.286C640.628 391.61 638.982 394.903 636.672 397.729C645.331 392.039 652.549 384.805 657.836 376.195Z "
                    fill="#1D1D1B " />
                <path
                    d="M333.158 711.939C342.426 708.364 351.966 705.43 361.649 703.011C360.346 703.254 359.037 703.464 357.739 703.731C336.766 708.025 316.108 714.805 297.478 724.902C289.001 729.497 281.251 735.247 275.332 742.605C270.901 748.111
                267.544 754.267 265.306 760.804C270.436 753.818 276.352 747.335 282.948 741.533C297.44 728.779 314.812 719.013 333.158 711.939Z "
                    fill="#1D1D1B " />
                <path
                    d="M376.239 702.905C370.759 703.977 365.338 705.324 359.996 706.845C340.631 712.36 321.58 719.877 304.777 730.543C290.515 739.596 277.838 750.937 268.223 764.351C277.817 766.058 287.858 764.992 297.09 762.126C315.968 756.268 331.082
                743.342 344.88 730.433C352.299 723.493 359.527 716.366 367.298 709.767C370.094 707.391 373.059 704.975 376.239 702.905Z "
                    fill="#1D1D1B " />
                <path
                    d="M648.501 477.017C665.042 466.76 683.419 458.766 702.824 454.675C711.654 452.813 720.707 451.859 729.761 451.798C722.723 449.871 715.394 449.024 708.04 449.373C698.213 449.84 688.782 452.625 679.966 456.621C660.592 465.406 643.017
                477.621 627.463 491.474C626.5 492.331 625.58 493.228 624.636 494.1C632.2 487.95 640.144 482.199 648.501 477.017Z "
                    fill="#1D1D1B " />
                <path
                    d="M680.866 465.442C662.014 472.492 644.684 483.048 628.954 494.971C624.615 498.26 620.385 501.708 616.367 505.355C619.979 504.05 623.782 503.105 627.446 502.268C637.642 499.944 647.999 498.33 658.297 496.468C677.451 493.005 697.359
                488.53 713.12 477.18C720.83 471.627 727.399 464.442 731.267 456.047C714.006 455.985 696.869 459.458 680.866 465.442Z "
                    fill="#1D1D1B " />
                <path d="M533.901 599.821C534.23 596.763 534.531 593.702 534.808 590.638C535.061 587.83 535.767 584.356 534.498 581.699C534.433 581.563 534.309 581.485 534.207 581.385C535.195 565.237 535.733 549.063 535.794 532.887C535.855 516.499 535.319
                500.135 534.445 483.775C534.768 483.852 535.113 483.891 535.425 483.981C536.82 484.785 538.16 485.692 539.331 486.743C546.877 493.528 549.83 503.557 552.558 512.707C554.257 518.402 555.704 524.157 557.31 529.874C557.886 531.928 558.371 534.135
                559.067 536.221C559.069 536.964 559.062 537.706 559.096 538.449C559.205 540.893 559.431 543.343 559.703 545.776C559.892 547.454 562.798 547.677 563.263 546.04C564.101 543.087 564.775 540.102 565.273 537.081C565.516 535.603 565.776 534.108
                565.828 532.612C565.83 532.524 565.834 532.434 565.839 532.346C566.484 529.214 567.095 526.078 567.598 522.918C568.647 516.333 569.317 509.706 569.574 503.054C569.828 496.533 569.696 489.741 568.253 483.336C566.787 476.827 564.121 470.561
                560.926 464.638C557.959 459.138 554.338 454.009 550.89 448.775C546.668 451.239 542.503 453.809 538.541 456.611C535.871 458.501 533.442 460.553 531.193 462.768C530.992 462.793 530.787 462.854 530.586 462.995C526.553 465.843 524.392 470.422
                524.191 475.104C524.099 477.248 524.126 479.99 525.701 481.721C526.063 482.119 526.463 482.393 526.882 482.617C527.535 485.927 528.096 489.251 528.517 492.593C532.207 521.758 527.608 551.066 523.37 579.945C518.897 610.421 514.372 640.891 509.747
                671.345C505.268 700.829 500.822 730.343 494.607 759.561C488.503 788.249 480.175 816.452 469.5 843.947C464.146 857.739 458.351 871.391 452.145 884.866C449.065 891.553 445.892 898.203 442.797 904.885C441.987 906.633 441.185 908.384 440.379 910.134C439.114
                911.82 437.822 913.482 436.444 915.101C434.658 917.2 433.136 919.818 433.766 922.59C434.093 924.03 435.006 925.234 436.222 925.886C437.051 926.635 437.948 927.213 439.252 927.515C449.626 929.914 454.528 917.433 457.717 910.665C462.554 900.403
                466.966 889.967 471.039 879.419C479.197 858.29 485.994 836.726 492.209 815.035C498.546 792.916 504.526 770.682 510.174 748.401C515.916 725.759 520.577 702.885 524.042 679.842C526.608 662.782 528.461 645.655 529.757 628.484C531.468 618.966
                532.869 609.429 533.901 599.821Z " fill="#1D1D1B " />